# Blender v2.93.1 OBJ File: 'house_LOD0.blend'
# www.blender.org
mtllib Roof_LOD0.mtl
o Cube.009_Cube.011
v -0.248264 0.754535 0.158594
v -0.248256 0.735445 0.151830
v -0.248079 0.532263 0.785935
v -0.248070 0.513173 0.779171
v -1.451570 0.753940 0.158739
v -1.451562 0.734850 0.151975
v -1.451385 0.531667 0.786080
v -1.451376 0.512577 0.779316
vt 0.833932 0.595666
vt 0.953065 0.595666
vt 0.953065 0.714799
vt 0.833932 0.714799
vt 0.595666 0.357399
vt 0.595666 0.476533
vt 0.476533 0.476533
vt 0.476533 0.357399
vt 0.476533 0.476533
vt 0.476533 0.595666
vt 0.357399 0.595666
vt 0.357399 0.476533
vt 0.476533 0.238266
vt 0.595666 0.238266
vt 0.357399 0.476533
vt 0.357399 0.595666
vt 0.238266 0.595666
vt 0.238266 0.476533
vt 0.595666 0.119133
vt 0.595666 0.238266
vt 0.476533 0.238266
vt 0.476533 0.119133
vn -0.0004 0.9426 0.3340
vn 0.0003 -0.3340 0.9426
vn -1.0000 -0.0005 0.0001
vn 0.0004 -0.9426 -0.3340
vn 1.0000 0.0005 -0.0001
vn -0.0003 0.3340 -0.9426
usemtl Roof
s off
f 1/1/1 5/2/1 7/3/1 3/4/1
f 4/5/2 3/6/2 7/7/2 8/8/2
f 8/9/3 7/10/3 5/11/3 6/12/3
f 6/13/4 2/14/4 4/5/4 8/8/4
f 2/15/5 1/16/5 3/17/5 4/18/5
f 6/19/6 5/20/6 1/21/6 2/22/6
o Cube.012_Cube.009
v -0.245065 0.751929 0.164100
v -0.245022 0.733441 0.170544
v -0.251335 0.533066 -0.463775
v -0.251292 0.514578 -0.457331
v -1.448349 0.753124 0.175699
v -1.448305 0.734637 0.182143
v -1.454619 0.534261 -0.452175
v -1.454575 0.515774 -0.445731
vt 0.595666 0.238266
vt 0.595666 0.357399
vt 0.714799 0.357399
vt 0.714799 0.238266
vt 0.476533 0.595666
vt 0.357399 0.595666
vt 0.357399 0.714799
vt 0.476533 0.714799
vt 0.714799 0.357399
vt 0.595666 0.357399
vt 0.595666 0.476533
vt 0.714799 0.476533
vt 0.476533 0.595666
vt 0.476533 0.714799
vt 0.595666 0.714799
vt 0.595666 0.595666
vt 0.714799 0.476533
vt 0.595666 0.476533
vt 0.595666 0.595666
vt 0.714799 0.595666
vt 0.714799 0.595666
vt 0.595666 0.714799
vt 0.714799 0.714799
vn -0.0022 0.9443 -0.3291
vn -0.0094 -0.3291 -0.9442
vn -1.0000 0.0010 0.0096
vn 0.0022 -0.9443 0.3291
vn 1.0000 -0.0010 -0.0096
vn 0.0094 0.3291 0.9442
usemtl Roof.001
s off
f 9/23/7 11/24/7 15/25/7 13/26/7
f 12/27/8 16/28/8 15/29/8 11/30/8
f 16/31/9 14/32/9 13/33/9 15/34/9
f 14/35/10 16/36/10 12/37/10 10/38/10
f 10/39/11 12/40/11 11/41/11 9/42/11
f 14/43/12 10/38/12 9/44/12 13/45/12
